2021-07-16 00:00:00,0,16,28,7,2021,5
2021-07-24 00:00:00,0,24,29,7,2021,6
2021-08-01 00:00:00,0,1,30,8,2021,0
2021-08-09 00:00:00,0,9,32,8,2021,1
2021-07-15 00:00:00,0,15,28,7,2021,4
2021-07-23 00:00:00,0,23,29,7,2021,5
2021-07-31 00:00:00,0,31,30,7,2021,6
2021-08-08 00:00:00,0,8,31,8,2021,0
2021-07-17 00:00:00,0,17,28,7,2021,6
2021-07-25 00:00:00,0,25,29,7,2021,0
2021-08-02 00:00:00,0,2,31,8,2021,1
2021-08-10 00:00:00,0,10,32,8,2021,2
2021-07-18 00:00:00,0,18,28,7,2021,0
2021-07-26 00:00:00,0,26,30,7,2021,1
2021-08-03 00:00:00,0,3,31,8,2021,2
2021-08-11 00:00:00,0,11,32,8,2021,3
2021-07-11 00:00:00,0,11,27,7,2021,0
2021-07-19 00:00:00,0,19,29,7,2021,1
2021-07-27 00:00:00,0,27,30,7,2021,2
2021-08-04 00:00:00,0,4,31,8,2021,3
2021-07-12 00:00:00,0,12,28,7,2021,1
2021-07-20 00:00:00,0,20,29,7,2021,2
2021-07-28 00:00:00,0,28,30,7,2021,3
2021-08-05 00:00:00,0,5,31,8,2021,4
2021-07-13 00:00:00,0,13,28,7,2021,2
2021-07-21 00:00:00,0,21,29,7,2021,3
2021-07-29 00:00:00,0,29,30,7,2021,4
2021-08-06 00:00:00,0,6,31,8,2021,5
2021-07-14 00:00:00,0,14,28,7,2021,3
2021-07-22 00:00:00,0,22,29,7,2021,4
2021-07-30 00:00:00,0,30,30,7,2021,5
2021-08-07 00:00:00,0,7,31,8,2021,6
